z=[
   12.7500000
  -18.0828495
  -3.53853130
   13.0000000
  -11.4889889
  -3.40374255
   13.2500000
  -8.80851364
  -3.27651119
   13.5000000
  -7.28246546
  -3.15628266
   13.7500000
  -6.27222061
  -3.04255199
   14.0000000
  -5.54300117
  -2.93485975
   14.2500000
  -4.98612213
  -2.83278537
   14.5000000
  -4.54364109
  -2.73594522
   14.7500000
  -4.18151283
  -2.64398742
   15.0000000
  -3.87830186
  -2.55658889
   15.2500000
  -3.61974859
  -2.47345328
   15.5000000
  -3.39598036
  -2.39430809
   15.7500000
  -3.19990063
  -2.31890154
   16.0000000
  -3.02628994
  -2.24700189
   16.2500000
  -2.87119508
  -2.17839527
   16.5000000
  -2.73157525
  -2.11288333
   16.7500000
  -2.60504055
  -2.05028296
   17.0000000
  -2.48969173
  -1.99042392
   17.2500000
  -2.38399196
  -1.93314850
   17.5000000
  -2.28668571
  -1.87831020
   17.7500000
  -2.19674063
  -1.82577264
   18.0000000
  -2.11328673
  -1.77540898
   18.2500000
  -2.03559613
  -1.72710073
   18.5000000
  -1.96305609
  -1.68073773
   18.7500000
  -1.89513755
  -1.63621688
   19.0000000
  -1.83138299
  -1.59344184
   19.2500000
  -1.77140188
  -1.55232251
   19.5000000
  -1.71485317
  -1.51277447
   19.7500000
  -1.66143036
  -1.47471881
   20.0000000
  -1.61087227
  -1.43808126
   20.2500000
  -1.56294823
  -1.40279222
   20.5000000
  -1.51744854
  -1.36878645
   20.7500000
  -1.47418833
  -1.33600235
   21.0000000
  -1.43300080
  -1.30438209
   21.2500000
  -1.39373720
  -1.27387130
   21.5000000
  -1.35626388
  -1.24441862
   21.7500000
  -1.32045996
  -1.21597564
   22.0000000
  -1.28621292
  -1.18849695
   22.2500000
  -1.25342631
  -1.16193914
   22.5000000
  -1.22200263
  -1.13626170
   22.7500000
  -1.19186378
  -1.11142612
   23.0000000
  -1.16293216
  -1.08739603
   23.2500000
  -1.13513458
  -1.06413686
   23.5000000
  -1.10840809
  -1.04161608
   23.7500000
  -1.08269346
  -1.01980281
   24.0000000
  -1.05793452
 -0.998667538
   24.2500000
  -1.03407931
 -0.978182614
   24.5000000
  -1.01108253
 -0.958321512
   24.7500000
 -0.988899052
 -0.939059258
   25.0000000
 -0.967484474
 -0.920372009
   25.2500000
 -0.946805358
 -0.902237058
   25.5000000
 -0.926821828
 -0.884632826
   25.7500000
 -0.907505095
 -0.867538869
   26.0000000
 -0.888820231
 -0.850935638
   26.2500000
 -0.870739579
 -0.834804535
   26.5000000
 -0.853234649
 -0.819127798
   26.7500000
 -0.836278319
 -0.803888559
   27.0000000
 -0.819850087
 -0.789070666
   27.2500000
 -0.803923666
 -0.774658680
   27.5000000
 -0.788479090
 -0.760637999
   27.7500000
 -0.773495793
 -0.746994555
   28.0000000
 -0.758952498
 -0.733714938
   28.2500000
 -0.744834542
 -0.720786273
   28.5000000
 -0.731122613
 -0.708196342
   28.7500000
 -0.717802286
 -0.695933461
   29.0000000
 -0.704856277
 -0.683986306
   29.2500000
 -0.692268670
 -0.672344208
   29.5000000
 -0.680030107
 -0.660996854
   29.7500000
 -0.668121636
 -0.649934351
   30.0000000
 -0.656534135
 -0.639147222
   30.2500000
 -0.645257115
 -0.628626466
   30.5000000
 -0.634276211
 -0.618363321
   30.7500000
 -0.623582840
 -0.608349502
   31.0000000
 -0.613166690
 -0.598577023
   31.2500000
 -0.603015006
 -0.589038074
   31.5000000
 -0.593121707
 -0.579725385
   31.7500000
 -0.583475709
 -0.570631802
   32.0000000
 -0.574070513
 -0.561750472
   32.2500000
 -0.564896286
 -0.553074956
   32.5000000
 -0.555945814
 -0.544598818
   32.7500000
 -0.547211885
 -0.536316037
   33.0000000
 -0.538686037
 -0.528220832
   33.2500000
 -0.530364692
 -0.520307541
   33.5000000
 -0.522236109
 -0.512570739
   33.7500000
 -0.514298379
 -0.505005240
   34.0000000
 -0.506544888
 -0.497605979
   34.2500000
 -0.498969018
 -0.490368158
   34.5000000
 -0.491565436
 -0.483287126
   34.7500000
 -0.484327823
 -0.476358354
   35.0000000
 -0.477253258
 -0.469577551
   35.2500000
 -0.470335066
 -0.462940484
   35.5000000
 -0.463567704
 -0.456443161
   35.7500000
 -0.456949741
 -0.450081676
   36.0000000
 -0.450473130
 -0.443852246
   36.2500000
 -0.444135904
 -0.437751234
   36.5000000
 -0.437934995
 -0.431775182
   36.7500000
 -0.431864887
 -0.425920665
   37.0000000
 -0.425921291
 -0.420184433
   37.2500000
 -0.420102417
 -0.414563298
   37.5000000
 -0.414403141
 -0.409054220
];
